HistEqColour_Resized_010_back_current_1.jpg HistEqColour_Resized_010_back_current_2.jpg HistEqColour_Resized_010_back_current_3.jpg HistEqColour_Resized_010_back_current_4.jpg HistEqColour_Resized_010_back_old_1.jpg HistEqColour_Resized_010_back_youngMandela_1.jpg HistEqColour_Resized_010_front_current_1.jpg HistEqColour_Resized_010_front_current_2.jpg HistEqColour_Resized_010_front_current_3.jpg HistEqColour_Resized_010_front_current_4.jpg HistEqColour_Resized_010_front_old_1.jpg 
108.18941879272461 108.17883682250977 112.11881065368652 108.41953086853027 121.99889373779297 122.31467247009277 103.73553657531738 103.93711280822754 111.93957901000977 104.20038795471191 116.10238075256348 
115.74774360656738 115.74338912963867 106.58002471923828 115.62241744995117 114.57340812683105 96.39774322509766 117.89806747436523 117.90225982666016 105.58265113830566 117.94199562072754 113.28581809997559 
144.66101455688477 144.66275215148926 142.73696327209473 144.69176864624023 136.4254150390625 139.07427787780762 146.9022674560547 146.9510955810547 143.3221664428711 146.95810890197754 140.00568008422852 
0 0 0 0 0 0 0 0 0 0 0 
255 255 255 255 255 255 255 255 255 255 255 
246 0 0 0 0 0 0 0 0 0 0 
HistEqColour_Resized_020_back_current_1.jpg HistEqColour_Resized_020_back_current_2.jpg HistEqColour_Resized_020_back_current_3.jpg HistEqColour_Resized_020_back_current_4.jpg HistEqColour_Resized_020_back_old_1.jpg HistEqColour_Resized_020_back_youngMandela_1.jpg HistEqColour_Resized_020_front_current_1.jpg HistEqColour_Resized_020_front_current_2.jpg HistEqColour_Resized_020_front_current_3.jpg HistEqColour_Resized_020_front_current_4.jpg HistEqColour_Resized_020_front_old_1.jpg 
157.2007541656494 157.03929710388184 151.80457878112793 156.88155937194824 144.20555686950684 155.91023635864258 158.416898727417 158.16783332824707 153.21570777893066 157.9748935699463 145.2877025604248 
91.29776763916016 91.65651512145996 91.62764930725098 91.89418601989746 99.22694778442383 85.18522262573242 88.41397666931152 88.97159004211426 89.86198425292969 89.24142074584961 102.11886405944824 
122.9601001739502 122.98567199707031 125.43463897705078 122.9213638305664 127.42820930480957 124.43408966064453 122.65637397766113 122.72790718078613 124.65529251098633 122.68333625793457 126.73743057250977 
255 255 255 255 255 255 255 255 255 255 255 
0 0 0 0 0 0 0 0 0 0 0 
0 0 0 0 0 0 0 0 0 0 0 
HistEqColour_Resized_050_back_current_1.jpg HistEqColour_Resized_050_back_current_2.jpg HistEqColour_Resized_050_back_current_3.jpg HistEqColour_Resized_050_back_current_4.jpg HistEqColour_Resized_050_back_old_1.jpg HistEqColour_Resized_050_back_youngMandela_1.jpg HistEqColour_Resized_050_front_current_1.jpg HistEqColour_Resized_050_front_current_2.jpg HistEqColour_Resized_050_front_current_3.jpg HistEqColour_Resized_050_front_current_4.jpg HistEqColour_Resized_050_front_old_1.jpg 
173.24461936950684 172.99064445495605 171.05274772644043 172.89141273498535 150.26086616516113 162.38582801818848 169.5711269378662 169.3085651397705 166.58466339111328 168.92520332336426 148.94972610473633 
106.7361011505127 106.77930450439453 107.51300811767578 106.7402458190918 114.48618698120117 105.13876342773438 109.15171813964844 109.21493339538574 111.37708473205566 109.21713256835938 121.49249839782715 
112.09036636352539 112.06964302062988 112.29006385803223 112.14637565612793 123.06856536865234 117.26885986328125 112.95913314819336 113.01004600524902 113.67297172546387 113.02356910705566 122.03360939025879 
255 255 255 255 255 255 255 255 255 255 255 
0 0 0 0 0 0 0 0 0 0 0 
0 0 0 0 0 0 0 0 0 0 0 
HistEqColour_Resized_100_back_current_1.jpg HistEqColour_Resized_100_back_current_2.jpg HistEqColour_Resized_100_back_current_3.jpg HistEqColour_Resized_100_back_current_4.jpg HistEqColour_Resized_100_back_old_1.jpg HistEqColour_Resized_100_back_youngMandela_1.jpg HistEqColour_Resized_100_front_current_1.jpg HistEqColour_Resized_100_front_current_2.jpg HistEqColour_Resized_100_front_current_3.jpg HistEqColour_Resized_100_front_current_4.jpg HistEqColour_Resized_100_front_old_1.jpg 
117.86105537414551 109.93971061706543 117.7121524810791 117.94464874267578 131.4366683959961 123.10028648376465 116.95096206665039 110.20718765258789 116.9864273071289 117.04125213623047 130.66313362121582 
152.78516960144043 153.47148895263672 152.6120491027832 152.69720840454102 133.11113357543945 135.3883514404297 153.69333457946777 154.56595611572266 153.64917945861816 153.58938026428223 139.7349796295166 
130.83822441101074 134.96516036987305 130.84318161010742 130.96113777160645 127.29032135009766 131.12992095947266 130.9447727203369 134.54222869873047 130.94562911987305 130.95306205749512 126.1190357208252 
0 0 0 0 0 0 0 0 0 0 247 
0 255 0 0 255 255 0 255 0 0 0 
255 255 255 255 248 255 255 255 255 255 255 
HistEqColour_Resized_200_back_current_1.jpg HistEqColour_Resized_200_back_current_2.jpg HistEqColour_Resized_200_back_current_3.jpg HistEqColour_Resized_200_back_current_4.jpg HistEqColour_Resized_200_back_old_1.jpg HistEqColour_Resized_200_back_youngMandela_1.jpg HistEqColour_Resized_200_front_current_1.jpg HistEqColour_Resized_200_front_current_2.jpg HistEqColour_Resized_200_front_current_3.jpg HistEqColour_Resized_200_front_current_4.jpg HistEqColour_Resized_200_front_old_1.jpg 
171.22194862365723 170.47241592407227 170.79485511779785 170.6813793182373 153.95126724243164 164.28391647338867 171.50855827331543 172.8265781402588 171.17241287231445 170.97992324829102 150.47969436645508 
94.84778594970703 87.05394172668457 95.29158210754395 95.83938217163086 91.21837043762207 89.97172355651855 91.05623054504395 80.649658203125 91.80094146728516 92.25214385986328 100.17608070373535 
116.47424697875977 118.6995849609375 116.49764251708984 116.53176498413086 125.96821784973145 119.98429107666016 116.30806732177734 117.8524112701416 116.47990989685059 116.49240684509277 125.65110206604004 
255 255 255 255 255 255 255 255 255 255 255 
0 0 0 0 0 0 0 0 0 0 0 
0 0 0 0 0 0 0 0 0 0 0